Training Loss:       1.9600536823272705
Training Accuracy:   0.26112499833106995
Validation Loss:     2.133331775665283
Validation Accuracy: 0.22699999809265137

patience = 20
layer_depths = [16, 32, 64]
kernel_sizes = [3, 3, 3]
dropout_rate = 0.5
learning_rate = 0.0001
num_classes = 16
output_prefix = "EEG_epilepsy_11"
batch_size = 100
epochs = 1000
num_train = 8000
