Training Loss:       2.1710753440856934
Training Accuracy:   0.19593749940395355
Validation Loss:     2.24527645111084
Validation Accuracy: 0.1899999976158142

patience = 20
layer_depths = [16, 32, 64]
kernel_sizes = [3, 4, 4]
dropout_rate = 0.5
learning_rate = 7*1e-5
num_classes = 16
output_prefix = "EEG_epilepsy_19"
batch_size = 100
epochs = 1000
num_train = 16000

num = 19
