Training Loss:       1.3050678968429565
Training Accuracy:   0.5898749828338623
Validation Loss:     1.4861384630203247
Validation Accuracy: 0.534500002861023

patience = 20
layer_depths = [16, 32, 64]
kernel_sizes = [3, 3, 3]
dropout_rate = 0.5
learning_rate = 0.0001
num_classes = 16
output_prefix = "EEG_epilepsy_10"
batch_size = 100
epochs = 1000
num_train = 8000