Training Loss:       1.30516517162323
Training Accuracy:   0.5633749961853027
Validation Loss:     1.6047152280807495
Validation Accuracy: 0.5024999976158142

patience = 40
layer_depths = [16, 32, 64]
kernel_sizes = [3, 3, 5]
dropout_rate = 0.5
learning_rate = 0.0001
num_classes = 16
output_prefix = "EEG_epilepsy_12"
batch_size = 100
epochs = 1000
num_train = 8000